1 340
2 351
3 368
4 363
5 357
6 365
7 300
8 303
9 294
10 302
11 306
12 300
13 264
14 265
15 269
16 270
17 275
18 264
19 243
20 265
21 269
22 282
23 268
24 267
25 252
26 249
27 235
28 251
29 251
30 239
31 198
32 215
33 200
34 211
35 206
36 225
37 225
38 219
39 223
40 236
41 216
42 214
43 231
44 236
45 230
46 227
47 224
48 223
49 252
50 243
51 242
52 232
53 252
54 253
55 299
56 294
57 290
58 287
59 293
60 286
61 286
62 299
63 300
64 308
65 310
66 313
67 354
68 339
69 346
70 359
71 359
72 353
73 357
74 348
75 351
76 362
77 357
78 363
79 386
80 387
81 385
82 374
83 380
84 376
85 409
86 412
87 408
88 406
89 407
90 396
91 424
92 451
93 442
94 455
95 464
96 442
97 553
98 541
99 562
100 568
101 557
102 561
103 504
104 503
105 496
106 496
107 500
108 505
109 459
110 459
111 442
112 444
113 444
114 438
115 471
116 470
117 481
118 466
119 460
120 478
121 468
122 470
123 462
124 473
125 471
126 484
127 515
128 518
129 501
130 502
131 503
132 514
133 462
134 469
135 457
136 471
137 455
138 470
139 426
140 416
141 420
142 416
143 432
144 429
145 372
146 377
147 372
148 368
149 382
150 376
151 305
152 304
153 301
154 302
155 302
156 293
157 264
158 268
159 265
160 275
161 254
162 267
163 281
164 289
165 271
166 277
167 274
168 270
169 254
170 245
171 265
172 269
173 255
174 272
175 263
176 257
177 256
178 259
179 263
180 259
181 216
182 217
183 202
184 193
185 212
186 216
187 198
188 211
189 190
190 199
191 190
192 192
193 248
194 236
195 246
196 239
197 248
198 243
199 268
200 287
201 301
202 285
203 298
204 294
205 392
206 384
207 378
208 370
209 375
210 382
211 348
212 349
213 328
214 324
215 319
216 333
217 367
218 378
219 373
220 369
221 380
222 374
223 353
224 366
225 360
226 363
227 358
228 361
229 379
230 383
231 408
232 392
233 396
234 402
235 460
236 451
237 446
238 438
239 456
240 456
241 442
242 427
243 440
244 448
245 439
246 447
247 484
248 473
249 484
250 471
251 478
252 471
253 471
254 473
255 470
256 469
257 476
258 476
259 635
260 619
261 617
262 618
263 612
264 623
265 542
266 538
267 554
268 552
269 558
270 550
271 547
272 550
273 559
274 562
275 550
276 550
277 489
278 491
279 489
280 491
281 497
282 506
283 453
284 461
285 463
286 470
287 460
288 458
289 353
290 360
291 361
292 370
293 355
294 347
295 340
296 323
297 318
298 319
299 328
300 323
301 286
302 272
303 268
304 272
305 280
306 262
307 245
308 268
309 263
310 286
311 285
312 274
313 241
314 251
315 249
316 271
317 258
318 258
319 267
320 265
321 251
322 254
323 252
324 239
325 233
326 229
327 229
328 216
329 212
330 223
331 237
332 256
333 260
334 238
335 230
336 240
337 285
338 277
339 286
340 286
341 301
342 287
343 313
344 312
345 314
346 317
347 311
348 318
349 336
350 342
351 338
352 347
353 339
354 355
355 395
356 387
357 372
358 363
359 371
360 371
361 361
362 360
363 368
364 376
365 368
366 359
367 351
368 352
369 351
370 354
371 358
372 369
373 432
374 436
375 429
376 437
377 428
378 417
379 423
380 431
381 430
382 422
383 424
384 423
385 467
386 466
387 456
388 458
389 478
390 467
391 454
392 449
393 451
394 467
395 476
396 467
397 446
398 440
399 439
400 454
401 445
402 455
403 496
404 498
405 500
406 481
407 489
408 506
409 446
410 456
411 466
412 465
413 476
414 464
415 445
416 455
417 458
418 448
419 451
420 445
421 438
422 432
423 446
424 438
425 434
426 430
427 386
428 396
429 400
430 400
431 408
432 394
433 359
434 353
435 356
436 352
437 355
438 356
439 362
440 380
441 378
442 377
443 377
444 380
445 303
446 289
447 305
448 280
449 297
450 292
451 258
452 249
453 256
454 254
455 261
456 262
457 262
458 251
459 244
460 231
461 251
462 256
463 258
464 240
465 238
466 232
467 245
468 235
469 225
470 208
471 221
472 222
473 215
474 204
475 201
476 227
477 204
478 202
479 216
480 214
481 252
482 261
483 259
484 254
485 256
486 252
487 143
488 142
489 148
490 141
491 153
492 151
493 272
494 268
495 285
496 273
497 276
498 272
499 323
500 309
501 310
502 303
503 318
504 320
505 350
506 340
507 338
508 340
509 350
510 333
511 363
512 362
513 365
514 364
515 360
516 346
517 399
518 389
519 399
520 415
521 397
522 402
523 395
524 393
525 423
526 399
527 387
528 406
529 426
530 413
531 412
532 405
533 409
534 407
535 442
536 446
537 444
538 436
539 439
540 444
541 484
542 479
543 485
544 495
545 491
546 488
547 509
548 512
549 520
550 505
551 507
552 525
553 486
554 471
555 470
556 487
557 472
558 492
559 489
560 490
561 484
562 480
563 478
564 480
565 432
566 436
567 432
568 443
569 438
570 430
571 389
572 402
573 389
574 383
575 399
576 396
577 349
578 348
579 352
580 353
581 357
582 352
583 290
584 302
585 294
586 271
587 280
588 273
589 243
590 240
591 257
592 252
593 250
594 254
595 254
596 252
597 258
598 245
599 248
600 244
601 264
602 279
603 270
604 258
605 265
606 265
607 227
608 237
609 229
610 219
611 224
612 225
613 202
614 196
615 203
616 212
617 204
618 208
619 210
620 212
621 214
622 213
623 208
624 208
625 224
626 225
627 225
628 211
629 216
630 231
631 270
632 271
633 257
634 250
635 240
636 244
637 303
638 301
639 303
640 284
641 282
642 293
643 306
644 298
645 291
646 298
647 304
648 306
649 324
650 327
651 324
652 314
653 304
654 320
655 360
656 342
657 344
658 335
659 340
660 352
661 346
662 324
663 327
664 328
665 347
666 342
667 426
668 422
669 410
670 431
671 418
672 422
673 432
674 445
675 442
676 445
677 439
678 439
679 430
680 428
681 454
682 454
683 433
684 450
685 424
686 427
687 412
688 421
689 415
690 413
691 457
692 472
693 460
694 464
695 452
696 453
697 450
698 445
699 447
700 454
701 440
702 454
703 459
704 452
705 442
706 454
707 443
708 438
709 431
710 439
711 433
712 429
713 422
714 424
715 370
716 362
717 385
718 377
719 383
720 365
721 343
722 350
723 329
724 352
725 336
726 342
727 264
728 253
729 269
730 272
731 265
732 246
733 229
734 241
735 245
736 231
737 224
738 230
739 219
740 221
741 212
742 219
743 227
744 226
745 236
746 256
747 246
748 236
749 240
750 224
751 198
752 201
753 216
754 219
755 218
756 212
757 180
758 191
759 186
760 181
761 179
762 191
763 180
764 198
765 186
766 187
767 179
768 180
769 180
770 171
771 176
772 190
773 196
774 190
775 218
776 217
777 202
778 206
779 185
780 215
781 252
782 238
783 244
784 248
785 260
786 258
787 282
788 290
789 297
790 286
791 278
792 292
793 278
794 281
795 271
796 271
797 269
798 276
799 290
800 290
801 285
802 289
803 285
804 287
805 329
806 337
807 328
808 335
809 326
810 318
811 347
812 368
813 360
814 348
815 346
816 348
817 393
818 368
819 386
820 400
821 392
822 383
823 422
824 412
825 411
826 414
827 412
828 413
829 386
830 389
831 382
832 386
833 387
834 393
835 428
836 416
837 408
838 418
839 399
840 418
841 379
842 393
843 380
844 387
845 388
846 389
847 436
848 442
849 449
850 426
851 434
852 434
853 417
854 410
855 406
856 419
857 409
858 423
859 377
860 370
861 375
862 362
863 372
864 362
865 313
866 313
867 322
868 321
869 320
870 317
871 262
872 261
873 270
874 272
875 279
876 266
877 246
878 254
879 253
880 251
881 252
882 253
883 240
884 244
885 243
886 234
887 246
888 233
889 219
890 242
891 234
892 242
893 226
894 233
895 221
896 205
897 207
898 198
899 212
900 215
901 196
902 182
903 182
904 184
905 189
906 190
907 187
908 178
909 188
910 193
911 213
912 197
913 184
914 194
915 184
916 192
917 178
918 186
919 218
920 211
921 203
922 202
923 213
924 213
925 228
926 229
927 229
928 234
929 244
930 258
931 284
932 272
933 278
934 267
935 264
936 296
937 309
938 294
939 291
940 292
941 290
942 299
943 292
944 284
945 305
946 293
947 307
948 308
949 300
950 308
951 316
952 294
953 296
954 310
955 352
956 352
957 344
958 343
959 345
960 342
961 382
962 374
963 373
964 375
965 377
966 391
967 394
968 399
969 397
970 416
971 393
972 408
973 441
974 442
975 434
976 441
977 452
978 444
979 424
980 413
981 422
982 430
983 419
984 413
985 416
986 428
987 434
988 423
989 420
990 429
991 420
992 437
993 449
994 472
995 450
996 431
997 406
998 402
999 411
1000 412
1001 413
1002 409
1003 385
1004 394
1005 385
1006 385
1007 383
1008 388
1009 342
1010 351
1011 325
1012 323
1013 321
1014 338
1015 263
1016 262
1017 271
1018 260
1019 255
1020 270
1021 267
1022 278
1023 277
1024 279
1025 268
1026 259
1027 258
1028 262
1029 248
1030 264
1031 248
1032 267
1033 231
1034 234
1035 242
1036 227
1037 230
1038 237
1039 230
1040 248
1041 243
1042 233
1043 231
1044 237
1045 199
1046 201
1047 186
1048 194
1049 177
1050 180
1051 168
1052 165
1053 176
1054 166
1055 162
1056 172
1057 176
1058 156
1059 157
1060 164
1061 172
1062 157
1063 198
1064 219
1065 213
1066 222
1067 196
1068 213
1069 238
1070 241
1071 230
1072 242
1073 220
1074 233
1075 271
1076 259
1077 266
1078 264
1079 267
1080 254
1081 272
1082 282
1083 284
1084 288
1085 286
1086 302
1087 323
1088 331
1089 330
1090 327
1091 325
1092 325
1093 399
1094 397
1095 394
1096 396
1097 404
1098 382
1099 408
1100 419
1101 400
1102 418
1103 414
1104 423
1105 454
1106 460
1107 460
1108 460
1109 470
1110 469
1111 470
1112 467
1113 464
1114 463
1115 470
1116 461
1117 480
1118 454
1119 456
1120 469
1121 459
1122 459
1123 475
1124 496
1125 485
1126 484
1127 472
1128 476
1129 503
1130 501
1131 500
1132 513
1133 503
1134 507
1135 515
1136 521
1137 508
1138 508
1139 500
1140 499
1141 509
1142 494
1143 505
1144 496
1145 509
1146 498
1147 408
1148 410
1149 415
1150 420
1151 439
1152 421
1153 363
1154 346
1155 357
1156 353
1157 360
1158 373
1159 307
1160 300
1161 289
1162 303
1163 286
1164 300
1165 269
1166 274
1167 269
1168 272
1169 274
1170 274
1171 291
1172 304
1173 289
1174 292
1175 277
1176 276
1177 268
1178 273
1179 264
1180 264
1181 274
1182 276
1183 246
1184 250
1185 244
1186 242
1187 249
1188 239
1189 200
1190 213
1191 218
1192 227
1193 238
1194 211
1195 222
1196 221
1197 223
1198 232
1199 220
1200 219
1201 232
1202 228
1203 240
1204 240
1205 244
1206 234
1207 285
1208 296
1209 280
1210 272
1211 286
1212 274
1213 311
1214 306
1215 305
1216 303
1217 303
1218 306
1219 345
1220 342
1221 352
1222 350
1223 339
1224 339
1225 343
1226 353
1227 342
1228 336
1229 341
1230 340
1231 370
1232 354
1233 372
1234 371
1235 369
1236 355
1237 401
1238 400
1239 405
1240 408
1241 412
1242 393
1243 456
1244 452
1245 460
1246 459
1247 454
1248 457
1249 425
1250 421
1251 428
1252 418
1253 413
1254 414
1255 496
1256 493
1257 494
1258 491
1259 493
1260 482
1261 496
1262 514
1263 496
1264 499
1265 511
1266 495
1267 472
1268 464
1269 470
1270 474
1271 472
1272 469
1273 480
1274 477
1275 483
1276 477
1277 484
1278 464
1279 494
1280 475
1281 500
1282 488
1283 503
1284 490
1285 505
1286 502
1287 504
1288 498
1289 496
1290 507
1291 430
1292 424
1293 408
1294 414
1295 417
1296 422
1297 371
1298 373
1299 366
1300 364
1301 353
1302 366
1303 330
1304 326
1305 331
1306 341
1307 321
1308 328
1309 272
1310 262
1311 269
1312 267
1313 268
1314 253
1315 278
1316 266
1317 266
1318 278
1319 277
1320 289
1321 250
1322 242
1323 238
1324 248
1325 250
1326 227
1327 246
1328 221
1329 231
1330 233
1331 238
1332 230
1333 199
1334 208
1335 221
1336 213
1337 205
1338 215
1339 209
1340 209
1341 208
1342 200
1343 210
1344 190
1345 236
1346 246
1347 237
1348 234
1349 220
1350 240
1351 277
1352 264
1353 255
1354 265
1355 272
1356 276
1357 329
1358 327
1359 321
1360 316
1361 320
1362 308
1363 309
1364 325
1365 317
1366 326
1367 328
1368 314
1369 342
1370 339
1371 328
1372 332
1373 345
1374 324
1375 358
1376 350
1377 364
1378 355
1379 372
1380 365
1381 394
1382 395
1383 393
1384 398
1385 397
1386 411
1387 443
1388 439
1389 435
1390 435
1391 444
1392 434
1393 478
1394 475
1395 482
1396 484
1397 468
1398 469
1399 724
1400 725
1401 732
1402 728
1403 717
1404 721
1405 612
1406 601
1407 592
1408 592
1409 596
1410 599
1411 548
1412 562
1413 535
1414 554
1415 542
1416 543
1417 508
1418 491
1419 502
1420 495
1421 511
1422 506
1423 581
1424 570
1425 584
1426 580
1427 569
1428 575
1429 511
1430 534
1431 530
1432 532
1433 528
1434 528
1435 441
1436 442
1437 444
1438 457
1439 443
1440 445
1441 379
1442 386
1443 389
1444 375
1445 374
1446 374
1447 308
1448 314
1449 307
1450 306
1451 308
1452 292
1453 298
1454 281
1455 276
1456 295
1457 294
1458 279
1459 272
1460 272
1461 267
1462 255
1463 259
1464 256
1465 258
1466 260
1467 250
1468 240
1469 257
1470 236
1471 248
1472 253
1473 256
1474 258
1475 247
1476 250
1477 229
1478 224
1479 223
1480 218
1481 232
1482 240
1483 221
1484 235
1485 235
1486 231
1487 225
1488 239
1489 259
1490 264
1491 255
1492 261
1493 268
1494 266
1495 198
1496 171
1497 184
1498 182
1499 192
1500 190
1501 336
1502 329
1503 323
1504 331
1505 321
1506 330
1507 364
1508 351
1509 361
1510 356
1511 369
1512 348
1513 356
1514 364
1515 366
1516 362
1517 354
1518 353
1519 369
1520 382
1521 371
1522 377
1523 376
1524 371
1525 391
1526 387
1527 384
1528 386
1529 384
1530 390
1531 432
1532 428
1533 424
1534 430
1535 430
1536 430
1537 459
1538 462
1539 471
1540 448
1541 442
1542 448
1543 463
1544 476
1545 477
1546 478
1547 482
1548 481
1549 495
1550 492
1551 487
1552 478
1553 489
1554 500
1555 505
1556 490
1557 499
1558 503
1559 500
1560 501
1561 487
1562 475
1563 464
1564 484
1565 480
1566 478
1567 506
1568 491
1569 505
1570 509
1571 501
1572 494
1573 476
1574 477
1575 476
1576 484
1577 481
1578 477
1579 401
1580 414
1581 405
1582 405
1583 400
1584 409
1585 367
1586 372
1587 361
1588 369
1589 355
1590 373
1591 250
1592 236
1593 245
1594 248
1595 250
1596 236
1597 229
1598 224
1599 240
1600 228
1601 232
1602 232
1603 253
1604 266
1605 258
1606 260
1607 257
1608 249
1609 256
1610 259
1611 249
1612 246
1613 254
1614 246
1615 234
1616 233
1617 234
1618 229
1619 220
1620 224
1621 188
1622 200
1623 214
1624 194
1625 199
1626 208
1627 206
1628 189
1629 191
1630 198
1631 202
1632 196
1633 225
1634 236
1635 235
1636 236
1637 233
1638 242
1639 268
1640 272
1641 292
1642 276
1643 290
1644 301
1645 309
1646 290
1647 303
1648 299
1649 305
1650 306
1651 315
1652 336
1653 335
1654 331
1655 337
1656 334
1657 289
1658 296
1659 291
1660 288
1661 290
1662 295
1663 377
1664 368
1665 354
1666 371
1667 376
1668 369
1669 386
1670 386
1671 395
1672 378
1673 378
1674 391
1675 455
1676 465
1677 430
1678 437
1679 450
1680 447
1681 480
1682 473
1683 482
1684 483
1685 482
1686 471
1687 479
1688 484
1689 490
1690 492
1691 478
1692 480
1693 463
1694 470
1695 467
1696 456
1697 448
1698 465
1699 469
1700 471
1701 446
1702 465
1703 464
1704 467
1705 480
1706 484
1707 478
1708 489
1709 499
1710 488
1711 487
1712 484
1713 484
1714 476
1715 485
1716 486
1717 453
1718 456
1719 444
1720 455
1721 460
1722 469
1723 429
1724 426
1725 420
1726 420
1727 410
1728 410
